0
151.9808702879837 108.47542077966261
120.70600319029289 151.62721871918248
95.63542324772726 109.56048881604204
167.66523745377324 80.58153780343355
179.77870234145297 111.75687380995522
103.03362094704929 25.893081975017168
79.00242224454209 182.25490801730652
123.46950420556054 93.67682663667581
193.4121520389857 67.69470202427463
86.61345501988971 140.85533711457583
55.13563778303951 33.47262192451594
13.768702369388128 82.08353227655662
160.81026024195086 158.3436018325043
84.59851342509113 33.47985590722688
174.1928833472124 33.5331899373589
43.70444463879131 11.161549305278589
24.639722673056138 135.81076102222127
70.44539156854377 39.98653988919694
89.27121425371821 159.5887448597249
131.963625332701 179.09424578469375
170.318380586787 196.5716744345062
21.31287220015626 21.291159563415537
101.51977129211728 181.85877336200664
169.88234365931064 75.60166454449673
170.8249279502408 25.026855715194547
196.1825600928213 179.5478703898729
66.29678048050607 106.86179739134498
149.52641580917071 162.1115440467095
144.07996184163167 105.75373966219223
47.77898209955046 78.80569480301794
23.463549227881185 126.58128693281121
17.100374954695933 3.5828166993695114
122.33570487487283 128.09780195704468
182.1694067070715 87.75473333954739
19.981848150627684 182.49849010009814
130.65218626677483 79.2663642196095
142.11071238829894 83.8181947367207
130.75193465680297 177.22397637863017
131.27763903263852 100.01995988528793
181.28952177742863 38.32590443869325
8.427072424174618 155.61418268204162
124.0803456330501 18.817202287405014
55.90825128521322 94.61991769269416
191.55371356754014 143.0781072962454
79.2111379611228 89.20500333456896
150.48996711871297 72.05488519429512
5.40983113164439 51.743138793179995
155.74916046411226 107.75662501464359
17.96303154533814 110.90247801076109
72.96714661378972 103.30989951491657
39.72053103855967 193.25631769359262
69.66532701761342 170.48427187618555
148.6420601927592 174.31040681858426
12.745200139494749 13.100163693915018
89.13419272719862 54.305755365153786
11.171962362216524 50.28610642079332
76.82112725665293 195.7130433008978
29.82284570640263 177.20953164773215
150.0726317017114 52.0580467175974
109.06215210697874 101.20914926571717
100.80547393911658 6.1711062933653995
149.22712639880888 36.06337422271614
162.1813725333817 8.212822281209892
160.96503832330174 32.46536234024564
73.0922687154043 63.113573466812724
84.27794301832472 51.301563780551724
177.84009376730293 2.6527893463514216
192.11590297901515 98.16835497613677
177.24764578369852 124.08134005052493
106.3302933994723 125.75293456391842
155.42886322213354 194.73564493461586
150.78420269954677 134.59708061821996
67.39878698731414 193.736346845281
36.5788659508171 82.70801194160963
171.0977629845878 130.2165292697276
166.04340037604737 52.76972606244474
83.73623044435038 106.13415650268112
31.304547202331882 7.403645308238786
152.4755680440419 42.09146480725266
23.72813177598557 85.89609164689078
14.678297441874133 79.9736965674327
147.5153494131572 171.3726103852642
165.76042578217826 53.9165787353259
6.4639456523876575 145.6072972546535
186.4616380433148 34.445874040436706
188.12955323805605 97.85314593875628
67.40286243009862 196.75331659674117
128.6666312281672 27.311936297684404
150.262336382437 52.7095499922195
63.78142466353695 36.37258855379523
65.59671501328984 13.327006489439635
56.45405544568976 137.83544625873293
142.39778285708113 23.009638569530363
19.72425264805257 103.18102998413202
12.356469976951775 115.6605693207009
106.880363444712 147.43210332316733
188.47282685103272 136.61863815683674
154.677758154349 88.2803029336534
160.9700990672633 177.69908391287098
45.904726630685545 51.11538920711695
28.750201541011787 95.04752953805361
67.0287239487266 11.308824189264147
82.9264046926932 80.86111972042261
87.95734516983397 50.96776735349821
169.5827666346148 130.12948756724938
141.2400691100012 86.39190796016673
108.85541178142576 45.480339222504384
18.61120055290618 4.103826957166892
161.01689688297992 169.36096982883691
50.96710678208791 135.3460173868421
197.12930858914797 181.5223990177586
91.735301190147 83.06546816142836
172.69275095203702 5.157373966169254
62.8343049145743 56.076222548980766
60.318770289906595 63.184900256572895
4.545025969238402 138.81974153030725
180.506376131017 57.05020365254434
56.55541283822652 6.510841161396138
80.89278014225873 52.031725489724806
153.98681957675123 139.92890468487752
128.1386229394586 182.04922565951307
106.18129365853505 49.55752939452529
193.864379114247 139.9464177946602
173.88321941255498 164.02575561674735
165.31921926062526 4.796494993125823
195.0946326383646 171.0834120214092
39.55066777765831 170.1259720360797
40.44143841106139 28.82381531778765
23.414280138424896 132.23595916285146
122.64130117611843 139.18826716057904
127.76789849115039 111.18060143193199
37.50330896507159 155.78250807687215
182.79240838897175 191.75832097168495
183.46596194380896 47.86983314173332
194.01929475500023 41.430193456141296
114.52869269743326 15.617049862846066
40.079261672030576 168.1983703900515
111.67809723831814 192.10745846889614
116.37542429544587 194.567736656804
154.13659968763187 45.89532681498827
44.42242939308437 174.18280395280425
13.540984370521478 135.55468515367818
71.46645098585628 193.09815725909664
5.930946220197792 182.00443693646207
129.23154271102692 40.69619634620389
86.55817632148042 166.88959827395206
162.6787529840918 73.19214034988838
31.19212084242304 158.68496095084978
154.50507122937714 57.801855621154616
188.47665270492655 110.04558342550848
96.64747463128832 190.95494066665296
43.341303286360834 132.33226102213575
158.6095350698055 50.88085107363616
45.35065970325262 35.89795127436041
14.01303013265939 127.79825188224282
119.56694334529205 36.37007439379085
148.81541050657205 9.961393253351728
73.77467450364858 18.697374644945615
9.536019216087167 83.22168246074902
174.4821977639639 149.72354309636845
183.10209707501136 20.732901399027686
76.01216345655206 99.69335859783328
30.10184297288302 191.22190638781635
11.77484085814585 85.44597989120162
90.29311850946112 131.7862217634832
191.64286910693463 59.50608939861889
58.5747551909351 151.6874796454803
177.73475026791994 4.2315052766846515
183.90142755390215 28.46438275523193
187.07423920254206 133.16673738364503
25.387160703417432 145.6091196472492
144.69587353959727 70.57115787502742
173.06439461267337 171.71184725732618
52.133874555976085 94.29766077491792
186.7707168165416 51.22718811242642
81.39828324153027 163.34053316550543
115.72914620353747 110.10822410814906
80.42844874448855 92.32928246928898
175.98363104303232 196.6019974378654
42.85575685890871 31.825253543311177
22.665542067730637 48.78812697367929
55.35137013816182 154.65846998203094
71.50331941850031 24.67481810183467
170.29838776648424 140.45512995860628
178.13645118180042 31.98588316013469
54.0167017741967 94.68813310657418
101.04242422285566 71.367564490044
123.34850565408361 185.40332469355403
63.66314096903693 125.8032331026959
162.19211545909135 76.7112487681363
52.259055948406214 7.929268716679646
172.1154198556981 170.00524132693585
65.0841686508631 195.15473598833935
67.3149888303023 97.03414134267146
84.25194850812497 59.89792925458592
60.314848181562276 23.914234717985735
21.628179150720385 132.62574716492352
130.83119694288067 139.7690542327587
114.1009524122202 14.69375241678548
162.4748483492709 114.75697735799406
42.23091889450755 61.23955563905506
48.13250402409157 147.9638192714059
109.4244863451336 196.36513657827868
52.49610327713545 171.69449422591234
120.65814732640908 163.67095359302326
181.94543113842747 168.8905085919189
123.62908000013456 79.86797910114885
134.50741252648967 117.6120679418877
108.71752559226331 36.18267567954385
126.28936305595816 46.25514899772388
75.0180539783666 62.007500413824346
36.5652302740133 25.875834902064984
165.04866952784673 8.152601259627831
11.153513501531997 43.01255577264113
130.98833038762345 38.66148197752322
47.974141086963165 50.78443847863464
191.43822674003601 135.50449321369166
13.123451611658336 170.80062137180448
64.8814969743616 2.5996605943015876
137.12147417122395 131.81267005391305
150.61839211719743 119.70898018120312
183.50314941706776 171.70404255576372
131.59837082363654 164.9274180093391
40.86868639047276 169.52101175454987
70.0119630817535 150.48027978888666
34.476070379262595 153.9195019323808
134.03231260089885 35.51587928980339
146.61419988487853 180.16871580328137
159.2536879661805 40.31184150006251
117.91549459745266 51.086543115560914
79.22421310320507 64.90111188386561
96.26775937933847 28.47698172670406
155.823203166714 175.2841166284542
179.99016815148622 40.740596160361996
70.62064132628785 189.40191352319553
106.52717958126921 189.45806105125945
36.51769120327122 33.57124098222013
103.96931383033385 100.89128982018846
38.71835342020439 102.90118084898924
91.18476626191719 178.42493919574056
142.88853359327197 133.96801717203329
167.34313260699074 83.00796312604324
84.47005433831818 68.50681240040018
94.5868383112569 19.04014661668018
82.48056062567738 132.93153421032684
114.71205377862681 42.36652456393888
180.20539331384632 99.85487219973388
31.86172992255932 169.56297886815875
191.0981098102473 108.51528347760593
80.2730000215814 83.3773486548215
136.7696409956169 182.90444704376452
107.56741926681 9.712254053991813
111.57290190275206 32.72453116538386
8.212678935287187 131.36863856824954
149.97198097772068 73.77523193500623
14.097300515240594 162.97649553288
56.57675468390212 8.06374304619635
18.825307626737832 124.94904295291589
104.4403624270425 104.85403748235326
103.17986927889832 120.51150035249647
70.55832994287628 158.42498932916314
10.560824086532211 171.36564738999337
192.41483373592703 110.83694761264388
53.88194765822518 174.5298472469644
151.56031726652319 10.453498763606845
148.1085465733549 14.429619524842977
180.10095764218278 16.00150671821347
181.30452266919167 126.42828668656207
122.64892154784128 159.86736022656365
148.34382100552756 78.95479164129986
65.90941841822698 161.35666780509854
102.33497320023012 24.533842455840972
164.11645845417263 54.04244660221888
121.90619937765223 139.1659422524169
194.961812687263 119.98381823435972
8.170906153450236 85.66807512576827
126.08208013190111 114.9285745781897
76.78273570579975 36.413555290870896
126.61975781505176 149.77133577282257
106.22594243894935 33.03662055679595
194.87144415866453 6.661537944027879
193.46864691481844 135.63596304758593
13.3195740724735 89.11923609574073
46.30269132973835 39.758467038109465
86.43948068901899 116.1364725103194
122.51181432463292 9.493417729839775
116.23503990594482 164.60691455011974
150.46764622075366 18.531679189152094
105.36066329781056 71.31280231476126
103.49146114778041 161.6174179449639
142.09165169285143 72.63517605075731
156.371500574528 173.40220028220332
165.42705007621603 133.5624941054679
152.18234710401182 100.70319026829532
150.36640069983895 60.71060617575374
181.6008025531982 168.02784809924515
19.647577013477886 107.4208679827571
63.28721106696714 170.75698244589526
89.99403795955045 78.8454714486111
180.88128511265091 112.34920934892844
159.19714130917723 112.2826530782817
44.932274559873164 75.18776086616081
192.98387958014223 10.681402329207584
194.60453191890414 190.19494484987132
27.170961256882215 195.16320973617226
35.45240055226733 33.17555675857159
165.04852312157698 143.04938477967642
76.37152243090769 75.68469931306564
177.7257943908882 99.1089941783811
50.38824672362199 182.77993761693486
115.57352260901463 145.55499123451247
126.10059712392346 94.32885498676865
140.30139680487812 187.52395509939555
187.68892177429245 174.081970511914
62.5205441101512 29.532218324650902
97.73595153729319 29.308238521571038
33.09521226462701 84.96772864848263
115.62506745985978 137.67134294361875
73.43077364663507 137.18826272430493
153.68858239650308 138.11112460956787
32.377228215986094 152.23093723414772
103.13272030767939 25.639183129808163
173.34559703398972 3.3187067933257164
162.21148626877647 54.25473257966577
59.881374551819654 179.53433926152712
64.09846412460982 70.94923161564923
41.22724331848434 60.220689493292554
181.4507323166859 159.38913438734454
133.25766293514027 110.27697174750942
26.695357846083187 185.78175864588917
109.34858387873305 95.51507016161021
32.20097416726913 75.16495953381988
131.78263344843128 170.81203580954084
148.82994000392 18.67202817843693
177.65003361098746 19.531966326850103
163.3832157971921 48.915131206805555
99.19468870540256 63.07174341265637
23.393996934394465 105.5196117044895
43.467036090342475 8.966061276914042
184.5902379999377 150.60427387185877
109.53995059942267 113.55569067128995
134.74548644607324 133.19551458795743
151.48860668371756 91.15009583728917
28.988871883928557 110.2996712225336
38.97582216332432 162.60854920351224
152.78584085837184 55.84902227772251
144.27269492294934 73.66791792965286
81.2429560100811 143.41485451608503
194.75940827852273 29.543514113723802
85.85794086590577 168.5521240217871
90.43461993786273 155.8400899968891
101.71603695885507 86.55197108285432
140.61007624564147 46.85905636127387
127.0702007826486 161.56957514457903
114.87516810780707 82.43153096609753
187.74809593161922 81.36360855629711
125.93940130699187 187.21191033255064
129.9982065071169 155.4555742801092
141.07741162512025 109.59022082659459
73.04055928681436 142.3194974612696
63.36095737326436 8.966066079728307
28.269483768979217 130.44010970016473
14.503340343900389 39.21402368971029
157.7896887722272 60.79470858231592
96.71849654668716 39.998473912596204
122.56767070682211 132.76331762994764
94.7399340741015 85.88204675356502
179.12066955471835 3.4202119972386558
131.86083488279561 77.98274080337306
166.22519052615644 4.83177046279925
32.67389959928619 93.71982878503034
194.65016994314456 181.908358568033
85.66769051093388 71.46983773720702
177.77754403143743 158.54194694613204
68.80273060821392 133.9957649972797
187.16475825631463 16.48562236297771
133.295023437941 14.616221167134338
26.067669247615175 93.15087048049003
188.64811544582045 30.98160572534177
12.830918316832348 138.2992721526924
42.44719275439995 98.80658265087268
16.395578131004818 194.49176005762166
40.16674445435856 60.47274868761557
129.69726776029546 185.04584230588335
190.21196363417985 155.42489534177665
79.61581031231147 118.26914735783649
144.0382254279658 43.294201995731676
98.06885231804505 132.01043219711048
68.16377242099016 151.7227946422552
79.75305938417729 3.6597942422417873
192.8061696688998 115.75480522249437
36.5915504931237 146.93001817739614
7.240391695156344 54.786968577016616
13.209336231999378 81.27215987486989
187.6784744465662 175.08384981027962
87.76514911903648 143.60096870080355
171.06965729505987 47.262177272204674
87.66498678289338 76.1251630701676
67.52418145831527 42.78564918551356
105.93064407250223 112.44120809221388
194.32378625848426 74.63074801816576
52.972760698674065 169.97141492666378
151.34347245199967 31.168711194747555
76.87537094763462 42.812599193291774
111.66405000216662 161.2488093235151
59.05089196172888 158.30006333470072
118.41805053551158 181.4292887330482
93.0530352453536 40.1761785018484
57.88625188809338 148.11322351879986
17.8294344266976 180.54908459037452
103.18255745122906 145.85366573620624
106.46129347195154 112.68470096673666
196.5059716126592 140.12086433227515
13.153805932984087 92.31680962825286
113.00779792277774 54.94027333391959
54.69390607270637 32.36641777415235
130.10985808619495 60.724771016102146
50.64965229712163 4.494046073274547
159.2482810998792 3.1031928452595112
68.89485257603263 136.06450975330344
167.53029637280613 80.53037123929117
162.09084585278438 156.08048167000442
121.93550197516082 126.90069312925395
174.27367963062517 27.252196146054256
53.52109408620859 185.6145658549129
74.08105250194394 120.08288717694758
176.8780201691513 75.6375882306431
92.34438674011037 11.888734286202732
154.7499666198055 54.21932942466254
181.96200257525737 112.2089801019717
195.31177601359525 163.26392577975142
76.81307635568058 18.624196792127794
94.26510416124827 97.90607997453499
91.0401810488971 84.36450868631502
93.35457490196349 184.28543781907024
69.44647310921353 13.787824489251058
8.607591126515658 135.59037956277203
138.91133712522935 137.93628479924615
45.201844415175266 59.972247668654944
49.97880121448532 41.65621579403217
140.7127137575209 12.80857706526403
99.1677958585905 123.8131092686911
171.24723748357587 94.13631084507252
78.8045948602167 137.12899230862516
85.172471336404 79.70592406909245
52.23387071369462 137.75865408001394
113.16905194727445 65.5619533489288
132.95381925529676 69.22269296267702
43.74153783343475 36.771733973507445
129.7468721471366 135.50933615903912
192.80713872255035 150.5383646472497
35.23482822626949 21.70545890903201
123.17711135930843 100.56053650599577
47.715020103057526 121.56613988235338
179.24198101379173 14.327859477979963
151.27480383263244 64.23495743292494
154.06625496331347 27.146882173811015
67.98696439337684 29.154321911623246
46.714158986864994 174.83610603743713
10.359584957988666 160.51621380061047
151.06519427292176 13.194426194945958
51.46312638323261 135.41178869698956
185.9869834314923 116.91199698845053
84.07360355468559 169.9818018477369
50.1063670601791 95.56548033225144
32.79967011909622 46.29374458448344
116.22050333311007 43.45575918742551
187.75834893687502 8.003557192865683
12.563065372837734 183.68126625820366
63.03476559591008 194.71109481727115
69.58413693544762 38.41054218060221
22.12379361852379 88.80152405828737
99.18691981119099 190.6743897570655
8.217874887158525 154.1324246108175
91.11556728625962 157.513361046628
131.1864719249811 84.26042358857376
79.58370144734202 158.97359528006294
38.67563421032322 119.78297198741079
53.87267824667762 20.150777724573125
170.99723987632336 94.91019158226968
159.55361640848 123.52302913147375
186.26098258021224 47.86578001646998
147.38384675335007 97.79369434975021
10.975585087592044 45.38645335510926
77.56102770726466 55.21656618578137
54.27069556735602 99.11004455432666
16.920689275632043 195.83139351373828
91.02458395438353 158.11464172856972
131.43265014818104 52.38264423575602
179.53791662833734 48.43837906380165
143.27124336160935 184.7995658286939
151.7354219132599 63.2040904380639
82.59347838976865 105.67314186869086
28.658328889854815 184.20379210362734
14.55028448155949 14.105573994612753
110.02210938946524 71.86825336313076
152.4941459176796 87.05871083518774
179.50675405849708 58.164331731228636
34.82735507593005 158.96088480141162
124.80747654173513 16.024426798134975
180.53888713027104 31.579703592035923
82.48512594404136 54.68161432953564
107.45625932010755 29.144306449494106
28.479948099472274 150.91535281587605
178.7031023936928 151.64288176987662
47.71707310508244 149.6071197930111
149.05247316458357 4.343001527549993
59.519141465940564 129.05291500491464
149.0466155586566 93.84480843084204
80.07812612700816 179.9285674742051
111.80826560391712 154.71328312822445
61.57058324291249 141.85439918730606
179.2394461950522 165.2739683185491
13.15351782200913 164.49271614500336
128.32809145335733 131.15010186620262
151.83187018024043 189.54323004455128
18.32129936626653 56.812545121175816
169.91874376199044 5.788880586134892
107.36255130446885 151.9780194511326
138.43898878602175 87.9439658903371
108.57781219647914 153.44646000979012
142.23354340606707 5.012226820169263
173.6081702892349 57.321480129815924
66.66551605352922 151.63808538172836
30.34085684301281 153.84458707323137
162.21898132468024 197.34884517342022
34.61643928553708 194.5483514725444
45.76622432824417 93.0830957082374
135.6070089300038 170.41551658254403
81.56950276637002 155.1328079283139
4.042937622556854 109.59343797649684
65.69630172570169 164.42453087012137
144.78059861740806 25.94540212029707
38.02090685148626 81.94620419574503
17.114933502519673 5.37266273471622
69.46022437062176 154.61012585972432
58.44639651510244 26.18373302322918
105.68859601832268 3.103874520810658
65.87476089371822 168.84269196859145
135.3592260177041 13.113315436611417
46.777165131224976 13.402139096153165
123.91571416049293 58.81581737032866
133.89748656947864 168.52001455041645
75.71705379760488 185.15884978571864
17.005845397223368 115.38268451960103
33.802848887600135 93.3697487892444
30.733616659068385 70.51850746771484
80.80530798611161 41.16463362639976
196.94567437587213 196.54406916800698
62.77815259886524 193.18539533908174
