1 2 18 38 54 70 55 56 72 88 58 11
2 1 34 38 54 70 56 72 58
3 9 43 15 48 51 21 53 85 86 87 57 89 90 59 29 61 32
4 34 66 68 73 79 48 80 50 20 52 21 24 90
5 33 65 97 39 10 74 51 87 59 29 95 64 96
6 82 67 85 86 90 92 77 14 46 15 47 80
7 35 70 41 42 12 17 18 84 22 55 56 88 25 91
8 98 55 71 40 88 26 11 75 60 94
9 3 51 84 100 39 57 89 59 28 96
10 33 49 97 5 87 59 29 46 31 64 96
11 1 18 98 37 38 23 8 40 44 45 62 94
12 84 54 70 7 39 56 74 95 96
13 99 100 69 41 76 45 14 16 81 83 22 25 91 93 30 63
14 49 81 82 67 83 69 6 92 13 46 47 63
15 3 6 43 46 48 82 51 21 85 86 87 57 89 90 59 29 61 32
16 99 100 69 41 76 13 81 83 84 22 25 91 28 93 30 63
17 35 70 7 41 42 75 78 18 84 22 55 88 25 91
18 1 98 38 70 7 72 11 75 17 55 56 88 58
19 99 100 37 53 23 27 28 76 93 30
20 66 4 52 68 24 73 26 60 77 79
21 34 3 4 68 43 15 48 50 82 53 85 86 90 61 32
22 35 100 7 41 42 13 78 16 17 81 84 55 25 91 30
23 67 36 37 69 40 11 44 76 45 19 83 93 62 94
24 34 50 66 4 20 52 68 73 60 77 79 80
25 35 7 41 42 13 78 16 17 81 84 22 55 91 30 63
26 98 20 8 73 75 60 77 94
27 50 19 99 53 28 76 32
28 19 99 100 9 27 76 93 30 16
29 33 97 3 5 10 43 46 15 49 82 51 85 86 87 57 89 59 61 96
30 99 100 69 41 76 13 16 81 19 83 84 22 25 91 28 93 63
31 49 81 97 35 71 10 42 78 64
32 34 3 43 15 48 50 82 21 53 85 86 90 27 61
33 65 97 5 10 74 49 51 87 59 29 95 64 96
34 2 66 4 68 48 50 52 21 53 24 90 61 32
35 7 71 41 42 75 78 17 81 84 22 55 88 25 91 31 63
36 67 37 69 40 44 45 77 47 83 23 92 93 62 94
37 67 36 69 40 11 44 76 45 47 19 83 23 93 62 94
38 1 2 18 98 70 40 56 72 88 58 11
39 51 84 5 9 57 89 74 59 12 95 96
40 98 36 37 38 23 8 11 44 60 45 62 94
41 35 100 7 42 13 78 16 17 81 84 22 55 25 91 30 63
42 35 7 71 41 75 78 17 81 84 22 55 88 25 91 31 63
43 3 15 48 82 51 21 85 86 87 57 89 90 59 29 61 32
44 98 67 36 37 69 40 11 45 77 47 83 23 60 93 62 94
45 67 36 37 69 40 11 44 76 13 47 83 23 93 62 94
46 97 6 10 14 15 49 81 82 85 86 87 92 29 63
47 67 36 37 69 6 44 45 77 14 80 82 83 92 62
48 34 3 4 43 15 50 82 21 53 85 86 57 90 61 32
49 33 97 87 10 59 29 14 46 31 63 64
50 34 66 4 68 21 53 24 90 27 61 32 48
51 33 97 3 5 39 9 43 15 86 87 57 89 59 29 61 95 96
52 34 66 4 20 68 24 73 60 77 79 80
53 34 50 3 19 21 90 27 61 32 48
54 1 65 2 70 56 72 58 74 12 79 95
55 1 35 70 7 8 41 42 75 78 17 18 22 88 25 91
56 1 2 18 38 54 70 7 72 58 12
57 97 3 39 9 43 15 48 51 85 86 87 89 59 29 61 96
58 1 2 18 38 54 70 56 72
59 33 97 3 5 39 9 10 74 43 15 49 51 86 87 57 89 29 61 95 96
60 66 98 20 52 8 24 40 26 44 77 62 94
61 34 3 43 15 48 50 82 51 21 53 85 86 87 57 89 90 59 29 32
62 98 67 36 37 69 40 11 44 45 77 47 83 23 60 93 94
63 35 69 41 42 13 14 46 78 16 49 81 83 25 30
64 33 49 65 97 5 10 74 31 79 96
65 33 5 54 73 74 79 95 64 96
66 34 50 4 20 52 68 24 73 60 77 79 80
67 36 37 69 6 44 45 77 14 47 80 83 23 92 93 62
68 34 50 66 4 20 52 21 24 73 77 79 80
69 67 99 36 37 44 76 13 45 14 47 16 83 23 93 30 62 63
70 1 2 38 7 72 12 17 18 54 55 56 88 58
71 81 35 8 42 75 78 31
72 1 2 18 38 54 70 56 58
73 65 66 4 20 52 68 24 26 79
74 33 65 5 54 39 59 12 95 64 96
75 17 18 98 35 55 71 8 88 26 42 78
76 99 100 37 69 13 45 16 19 83 23 27 28 93 30
77 66 67 36 68 6 44 47 80 20 52 24 26 60 92 62 94
78 35 71 41 42 75 17 81 22 55 88 25 31 63
79 65 66 4 20 52 68 54 24 73 64
80 66 67 4 68 6 77 47 82 52 85 24 90 92
81 35 71 41 42 13 14 46 78 16 22 25 30 31 63
82 6 43 14 46 15 47 48 80 21 85 86 87 90 92 29 61 32
83 67 99 36 37 69 44 76 13 45 14 47 16 23 93 30 62 63
84 35 100 7 39 9 41 42 12 16 17 22 25 91 30
85 3 6 43 46 15 48 80 82 21 86 87 57 90 92 29 61 32
86 3 6 43 46 15 48 82 51 21 85 87 57 89 90 59 29 61 32
87 33 97 3 5 10 43 46 15 49 82 51 85 86 57 89 59 29 61
88 1 98 35 38 70 7 8 42 75 78 17 18 55
89 3 39 9 43 15 51 86 87 57 59 29 61 95 96
90 34 3 4 6 43 15 48 80 50 82 21 53 85 86 61 32
91 35 100 7 41 42 13 16 17 84 22 55 25 30
92 82 67 36 85 6 77 14 46 47 80
93 67 99 36 100 37 69 44 76 13 45 16 19 83 23 28 30 62
94 98 36 37 8 40 11 44 45 77 23 26 60 62
95 33 65 51 5 54 39 89 74 59 12 96
96 33 65 97 5 39 9 10 74 12 51 57 89 59 29 95 64
97 33 5 10 46 49 51 87 57 59 29 31 64 96
98 18 38 8 40 88 26 11 75 44 60 62 94
99 19 83 100 69 27 28 76 13 93 30 16
100 99 9 41 76 13 16 19 84 22 91 28 93 30
