0
194.8922664422065 9.42575424725568
9.073949380768903 84.60038101944211
174.84224444138687 52.27037595410482
47.43810357441001 131.88938757363675
148.40844390967328 21.30003602272391
19.680924837171975 181.88267251190032
157.39376189642906 90.80397197849715
166.83365540080473 125.04374131156203
64.25238863864041 169.99415137606564
174.85546703263537 44.20123575050652
142.53832014401448 104.21026413933191
108.5935990298897 64.36127790178341
166.95425629232784 146.03056501290894
35.850490735501566 112.38352271599848
90.58618300993508 122.15419639286739
104.60893772406727 7.859110046061566
178.21231733824885 97.0446993303352
161.20760194351328 54.315286825705115
13.691813836144457 137.96123775802604
70.75550317155117 172.38911692901368
189.99143188843925 113.33943670872071
145.29925590127212 131.57178603228976
161.64442219122046 74.73747111462751
135.5527352749387 170.30906191806775
36.57837128177873 12.784591193532062
73.82658217778129 51.77895413941542
79.87723304348725 108.90751919849694
22.102524573770225 151.74556584798358
130.9796875658591 194.42178448680858
76.40300082135835 96.0691572392192
13.285187732380422 61.520898968835134
143.56481666551292 66.80861078550669
59.02526944141132 85.84104889201222
197.3722645378377 139.9875594812301
177.3350680424016 158.47718498486114
100.82185047513859 87.81245938794969
59.11662918596667 196.77440715925826
121.76857781606982 71.81253384234465
170.03905486129491 186.31635210297844
15.470390966643869 143.06349318085168
30.037179579918035 68.95461451555958
60.79818362297954 111.7778993405587
135.9080645725092 62.7189989118473
31.094337109587343 56.998756600412996
54.960004613352204 77.51655576717137
63.17557487740107 21.483773170815823
88.31338667190137 99.75226187781331
65.76087294658802 173.2115509546499
11.661325638118418 140.28953951173628
155.5044920454882 138.685316033894
27.109256965628468 92.86304364024299
124.50976188916943 127.24306088888171
59.33924569031802 4.3622258865153976
152.38039732275843 186.35360599222372
55.94122492473662 138.6622990814507
